5943
2509 10
14228 44888 15991 42915 2006 72907 17423 63796 16645 99990 
2437 10
24530 57738 15676 75084 14546 39800 87201 74328 36578 25095 
6628 10
33427 22221 90973 80033 61442 33668 92019 95111 26527 4392 
3590 11
51563 45937 57181 72446 13113 917 95018 7889 18689 39663 46642 
626 10
25467 60277 56379 94298 37101 85702 49881 18408 58421 46041 
9566 10
52477 57624 65721 48216 76358 44518 60741 85657 3302 41865 
8960 10
84994 9055 24661 87698 26710 90950 9 95139 54370 57042 
2947 10
32741 96459 38207 21906 98124 3651 19849 46635 8012 92941 
4684 10
82189 25207 41616 57563 14547 75207 46343 85546 58392 63262 
1434 10
10192 67173 57828 88559 66369 46926 28963 61226 75062 30652 
8632 10
12150 56100 80526 77491 84600 57931 15455 4011 14281 43668 
2811 13
33415 76070 95499 48868 58935 38990 82526 13946 80054 73039 63047 91846 15742 
6316 13
92291 80217 45745 65562 66138 95115 35543 51290 49234 7698 78012 87684 93730 
8927 10
95160 68159 10032 40811 88313 25615 94812 33460 74755 54439 
9188 10
31659 34212 39482 97307 15639 68249 6180 62816 89639 24967 
9308 12
90102 28271 91326 40543 3306 13737 88640 16272 56228 76024 56230 91396 
4761 10
74731 86021 6003 74803 24468 27402 52654 5762 51827 62949 
7713 10
22803 12043 26360 21411 2676 87456 40319 29200 95984 76137 
9876 10
82041 57244 54404 38918 22230 49465 71364 48488 85230 753 
1792 11
36382 77864 58344 79919 38582 65547 47471 69090 36371 17425 82381 
794 10
74291 19230 26937 19564 94453 81411 19740 14396 9991 64596 
1231 10
24078 67879 84602 69045 93993 90934 62763 46637 95083 50913 
5795 11
84700 28082 57320 3375 64864 79444 89369 11335 15703 62796 85219 
858 10
48049 78640 23842 16748 54890 22934 26965 83065 56199 64479 
1508 10
19562 47208 19426 24102 96432 8568 91455 95112 84090 42613 
8194 10
97350 17510 42087 43912 2214 14162 64145 36780 16185 41767 
4943 10
50755 38013 12584 43417 82716 25236 22344 63712 69710 87883 
5041 10
44984 40694 95216 33533 76299 82098 6344 76255 89798 77644 
4710 10
78330 85880 2898 67135 43311 79156 6909 34288 80858 6924 
7098 11
90624 95965 70642 92652 7070 13858 89075 72707 18441 81733 33795 
1398 10
71515 68616 71375 53546 99371 76576 19404 75665 62751 103 
2974 10
35412 22104 91679 60700 47619 26510 72919 59990 44150 80041 
7006 12
36510 15894 24486 87664 13948 90217 6361 49643 7183 13796 82721 34237 
3780 11
71 10780 24280 25832 39895 72790 54514 99673 50908 87183 23965 
3711 10
66276 17726 34930 47876 95741 8848 82492 16800 20217 64302 
1849 10
26122 99694 96216 58511 7500 94813 79646 87993 77871 72423 
7487 9
3486 13594 3233 8540 56872 17619 81205 4991 21882 
7835 10
1884 41831 72749 78364 9571 76123 16859 64473 77092 15442 
3079 9
843 6397 75515 87578 90319 62528 32433 63263 4345 
3620 11
42998 4277 20628 87428 43126 28868 55742 65404 59355 34521 17944 
4745 11
35646 87314 9909 83089 33293 52336 34557 56150 87975 70082 40292 
8294 10
60942 64813 97824 86386 42220 76065 88043 33613 6472 1709 
1451 11
4002 65122 66207 1875 2719 94924 67606 70261 13266 73304 64160 
7647 10
85014 68095 29782 85007 64308 23892 30432 48307 42261 23555 
5055 11
46007 78932 12167 14640 74214 79548 2147 63189 76124 74783 53899 
2183 11
28438 26920 80739 12011 32379 98029 97653 88653 28341 38033 74710 
8593 12
8998 80010 84260 92089 73654 17332 50335 39243 65849 43540 67270 63066 
5641 12
80939 250 8266 81014 64415 63345 38090 91790 61988 51452 25294 51107 
7500 9
25851 33376 14282 57236 76449 31745 55 88140 62579 
2840 11
92488 62626 85002 92754 72094 97624 15807 16371 35682 34727 34147 
980 11
60421 84137 25944 63876 46468 27439 56042 69871 18888 69197 30422 
4868 11
71536 60537 84747 29978 26822 34537 98677 43937 18871 93489 83325 
7538 12
83847 83432 95603 34644 26082 78324 93232 78021 81692 2250 64030 20825 
6661 10
37238 56416 17522 79387 86958 37975 62917 1820 67718 46249 
9890 11
37089 65578 59307 94092 27013 31260 15422 21962 48606 39202 54247 
7394 10
15914 44619 18300 87449 98554 95832 45194 57011 81654 56217 
7323 13
47457 86618 38839 12926 34748 52943 58251 91605 93644 45276 83392 94419 16117 
3265 10
93217 65574 39092 9498 47961 37816 71343 66478 75728 48133 
5775 11
93885 83109 84991 51870 30060 76821 59752 5903 20764 43031 7652 
4667 11
89879 60890 71524 10076 55608 13365 17554 90290 77300 13143 91153 
6908 10
34065 10183 50819 22853 61145 62457 73471 63169 27705 73523 
3327 14
91558 56706 47152 70104 43911 85246 43851 27207 74246 90583 4612 23936 31096 42854 
8042 10
95799 80209 76007 58480 94734 36691 31059 83376 64608 77163 
996 11
76223 67176 14434 11497 63027 93589 52106 58851 13804 35095 28832 
1573 10
95564 73636 24632 93175 54410 37730 60936 44788 73476 82601 
8646 10
61303 31275 33556 21037 83030 26370 57361 50189 38604 60771 
3096 10
13740 95770 62221 65066 96648 58422 8355 60856 75637 32993 
2621 10
36375 11533 98977 80245 64707 17450 39545 91131 83088 26623 
4223 10
69817 37470 1976 48817 17608 99265 76498 92786 41479 49541 
1996 11
30382 63868 73587 26562 15683 24317 69113 33775 67027 34632 40074 
8785 11
47408 31066 50314 42848 95574 1099 83357 42156 30480 65482 19337 
2160 12
62318 89967 95616 56099 68211 53774 98279 66198 24222 59827 80703 19197 
5781 10
43973 25409 82194 9901 58182 90617 31513 15516 70833 3308 
7349 12
59041 85279 26091 79362 33490 16892 31597 32445 80668 84314 79401 17422 
5939 9
92340 97795 16340 8962 34613 41553 19996 99748 71877 
7303 10
94568 13025 41755 71727 67192 71027 29048 2200 32300 20831 
6534 11
63599 34653 41419 43333 72939 44447 85404 53571 95796 62045 80448 
3741 10
69500 71342 31961 43864 47947 24787 91495 28512 52604 45364 
7348 10
59577 13417 73161 11935 50507 59770 51864 65317 78394 47631 
1641 12
35014 44294 3636 65620 5490 78986 80806 29409 19517 84082 86442 74388 
2976 11
91557 57087 71809 78019 67248 96358 90825 69552 74210 92701 38303 
1861 11
36478 82072 56532 62512 41096 88773 16674 83577 58489 4304 99241 
1637 11
58686 28650 72206 81321 16939 13540 48483 61946 96579 88737 59802 
7027 11
2955 72442 32392 97498 48121 86722 54125 2361 88230 88187 27932 
3408 10
37749 60133 75755 52769 90131 1900 3429 72808 31704 56881 
5518 10
96274 3768 9698 53113 65759 39802 22482 33826 31128 59737 
1757 10
88265 86689 14381 48197 86288 3810 11575 67728 58879 83612 
6989 10
65309 95072 72628 30834 3140 21559 66203 25927 51555 60183 
1759 10
64819 93292 60003 10298 78093 13082 67116 27616 62170 83614 
6379 12
40951 72932 43814 85574 39512 60987 2625 25188 57692 46724 82284 93571 
69 13
61389 68154 51531 84681 86023 24952 65739 92147 5808 11810 61912 52387 35067 
4609 10
45675 27165 18618 64112 14716 88403 23197 31435 4505 98779 
6326 10
45275 32467 50965 12045 79260 17284 45467 99724 29073 50585 
1635 10
32138 54372 11030 16775 14676 19409 53265 7549 27761 55690 
7334 10
85607 32002 33278 60443 10003 59492 75304 3649 18563 6062 
2933 9
22198 88362 99932 37321 51994 74500 48831 73492 7720 
434 11
5727 85704 98673 17342 71241 9652 46534 31718 14838 55172 79520 
7842 10
78757 30803 24860 26009 83666 75290 52828 94158 16981 11148 
9391 10
17410 37406 51622 56590 67200 12673 48957 72721 48509 13629 
2640 10
64665 43158 9111 48514 98431 12777 37323 40635 81426 12632 
9573 11
44169 73438 79675 59834 45212 2480 23543 45598 69101 4039 50136 
6535 10
82449 90022 41789 58169 86490 47292 85998 36114 87029 37635 
5308 10
82452 44135 96532 26162 85725 31925 79372 71060 14001 37083 
6561 11
62320 81097 41413 84143 50264 18075 89174 13709 61432 6598 73343 
1659 14
6279 53843 75181 66551 60276 19804 50300 56181 17025 42808 55938 76475 35568 43695 
3612 10
12164 75570 74097 94125 16598 22854 26970 15834 60652 25134 
1904 9
13558 27383 52719 13505 27821 73649 14044 46917 12357 
1907 11
20878 48874 51976 46720 32833 60202 23642 17083 99838 80149 87661 
9233 9
39568 47720 70581 46174 73664 57882 25076 87526 96202 
3643 10
51601 97244 9988 64147 95020 1193 71226 67278 9539 47565 
8180 13
95481 61325 28946 41992 78188 54818 52039 9612 2533 75155 65147 98201 47789 
5114 12
51753 71274 19101 39537 10816 64125 84008 21348 85069 11071 17830 83395 
10 10
2967 36199 42576 40578 25447 24649 77591 38822 12532 14256 
9973 10
96023 13220 39969 57987 29936 50537 36206 27456 64736 90739 
289 13
76961 87874 60079 72301 82805 19417 15741 61203 22447 36071 26062 7280 81158 
7875 10
1899 27527 66772 94447 42940 9257 19248 31130 57116 27280 
7105 13
34538 14527 87436 181 652 99283 58706 87193 61639 24348 47109 91056 84634 
4216 12
90448 99160 8104 97682 68366 74336 48586 86874 52650 74349 45588 63470 
9521 10
95985 55020 18293 35008 13325 88757 93273 29728 35497 94174 
322 13
37233 86071 41345 22915 26229 52127 65870 72500 6746 11553 24630 98762 96607 
8547 11
34961 99042 68053 49839 6131 89793 63397 31806 59293 45336 58455 
7432 10
36155 59400 77453 43305 76725 71697 82255 99220 42247 92999 
5120 10
62092 33512 45975 82536 82968 57947 21103 11032 68472 84069 
6436 10
66026 82143 21890 68620 84240 27226 80219 35165 27835 36651 
7270 10
10618 13253 24728 28727 78511 2612 91579 22026 22869 13039 
6433 9
10557 39715 5910 93327 5961 50867 43014 96290 20039 
1290 11
38405 22202 75121 56662 88267 36690 17224 86429 23762 42661 45281 
7253 14
29308 980 36953 57294 31017 87335 12126 88392 6343 86415 49344 37258 53818 50889 
4066 10
85293 75836 20944 83210 625 32810 53552 30804 41057 33651 
9485 10
53390 16026 77376 63518 34768 64075 87186 20997 19675 38909 
6404 11
14243 60774 30644 41487 96424 95500 340 47428 93038 65467 62163 
4905 10
41379 42684 92519 2151 61212 63689 7324 62829 64552 41084 
9614 10
10899 83437 81235 74250 64146 7825 29772 97583 35009 5167 
3832 10
35265 16635 80438 95860 53771 2762 26449 17609 61208 87407 
108 12
8220 78709 69831 56137 24025 14480 32057 78876 8632 41571 40430 40746 
7629 10
46107 58322 92782 45340 41662 63511 85034 75518 29847 44723 
3748 10
20543 10363 86443 33625 92891 82369 28994 76963 69861 46316 
9715 12
50895 54869 57383 25239 80875 82107 83814 18413 88715 36711 57131 13971 
1050 14
69489 85825 19668 71701 26075 28851 81282 16394 50543 90938 21568 55356 95134 838 
5228 12
30541 24889 7935 25890 40628 18964 22584 97205 95463 59574 55540 22229 
6291 14
40227 31284 39249 83867 8733 76614 11669 43146 41526 86420 25589 61369 74083 52924 
7397 10
18966 56974 2960 36607 73686 67102 89691 1270 2779 3362 
3507 10
1983 45935 78255 90321 39656 49256 12840 28944 55491 38983 
6499 10
14606 68084 37417 91185 60489 39963 17845 83147 98620 10473 
7276 11
57804 88475 85650 5671 48478 83227 92819 75575 55967 25126 52170 
3158 10
36749 31781 32626 16439 63923 77539 35969 65580 74000 45045 
8898 15
29724 23869 44717 71205 24909 42422 28913 77182 62359 92841 7554 69742 50321 62901 5346 
9126 10
87725 93125 95054 7305 5255 50558 8598 5381 64529 69043 
2777 9
96696 95646 70057 91211 4753 39796 89736 21792 64730 
2920 10
40464 32054 39400 61764 41306 20742 67843 66509 12633 40314 
3393 12
89700 52569 80043 66582 53682 39087 83028 55160 17335 38047 63426 14312 
5332 11
70680 32462 4608 47869 15648 45644 24147 35405 70194 85506 50019 
1351 11
89302 21165 47154 31055 36187 28930 19843 91501 59813 2942 36129 
8926 12
61989 93228 93664 3137 59599 81816 21798 24845 54690 41560 21316 63521 
2786 14
37310 15562 29626 88803 99560 10714 7537 53376 38790 72419 55427 25368 27246 34993 
4756 10
40880 84394 40473 35047 12766 96390 7485 77917 21581 77620 
2793 14
13673 63270 50709 37714 45014 36351 84428 13846 69995 76657 5987 40304 85451 90666 
3011 13
70142 24478 20965 77350 90079 89690 77361 79404 48456 98982 8685 55813 49016 
8401 11
95469 74786 66286 44734 93259 58477 4727 46962 53420 17947 9994 
6399 10
31307 59605 73659 32701 14366 13439 26871 66116 91195 74213 
7626 10
64978 91478 34782 10479 34652 88033 29804 86833 84952 78800 
2231 13
47732 70805 33037 27073 10725 28537 87776 23344 69618 37964 88201 58884 89759 
8678 12
24193 21770 89380 10741 50886 38243 83628 26285 91413 55365 9158 71282 
4780 14
12383 31336 24700 6108 31940 51739 56738 44574 93770 18806 83725 61292 5365 51779 
7733 13
36870 75473 87026 32995 94598 7080 3779 77765 20367 67776 90390 16473 105 
9390 11
18215 55643 27925 55661 57388 18055 66721 48476 74705 1838 48151 
8546 12
20533 60565 25562 62 61312 23194 93925 3262 24568 77876 80567 23343 
5142 12
89850 85622 72067 21438 72353 56963 94670 25283 94091 84764 38870 98935 
9653 10
92205 28488 635 49136 68216 28441 81465 72267 78552 81220 
8836 10
89499 24580 34214 68117 76790 19360 66965 51908 58601 70580 
3328 13
66257 60333 26713 68887 70920 47850 26667 12262 67785 57902 80203 16127 7347 
2043 9
90192 26171 20990 16894 88275 11291 1349 84750 82665 
4819 10
31965 81331 90984 557 60756 75208 60731 99325 84548 26213 
6375 12
71000 87885 66779 35066 1904 78874 92 9917 51536 28508 32073 5326 
5823 11
88220 13532 49895 79718 66275 24400 55451 38145 9684 56423 86849 
5858 14
89982 36776 61045 86090 48787 21832 73185 81031 35106 44204 71667 25631 90818 83611 
9621 10
24495 55975 85358 84171 18254 94350 1056 60096 76835 23291 
9161 12
28820 86004 22360 58675 49589 88825 43394 48675 27959 63463 59598 49010 
3233 11
18512 41165 11025 73169 40439 26605 45319 52567 69569 66780 36660 
988 11
44001 6369 94636 63674 680 30576 51099 82782 60135 5653 25124 
9383 13
79871 29298 22288 57233 38659 58 7936 97007 23044 39456 2040 1705 20852 
9444 11
75618 95408 27317 38379 7272 80347 79054 60674 81358 44860 73771 
6704 12
12078 91105 5385 71272 36722 40055 37796 55321 14259 70015 47648 42594 
4509 11
83217 73001 6341 71811 50580 50063 88147 244 1256 5678 95328 
7343 14
90525 31099 30079 40618 23372 74988 41362 54622 40902 60078 80542 50309 46001 57678 
5206 12
23650 20869 65670 73499 42312 31598 5773 66874 30494 15767 93035 83324 
1781 10
57463 28457 7097 84318 93275 56479 48630 14897 10034 17300 
4142 13
69262 12593 35790 40387 80979 35576 20499 1438 67800 68258 34909 72571 36413 
9198 10
2800 59003 74088 56094 80334 68760 78078 63255 98340 70340 
7012 10
17983 16682 95290 7362 16226 98980 21500 1943 10610 44719 
8796 11
5834 54729 48241 95709 72373 73999 94930 83000 17115 79176 70427 
4867 10
64578 80755 4428 88891 53427 22178 24092 97677 14264 27853 
4455 10
73018 33815 64227 79442 47501 26737 97116 74635 5262 92233 
7261 12
80930 42784 11531 19734 9894 56593 65000 44155 88509 78525 1049 69987 
3783 11
17582 9819 52611 46217 44627 59810 41034 98621 63828 81838 67065 
4613 11
64159 4585 38373 64138 12729 81600 17347 7768 61798 7670 69642 
1868 13
26663 11514 31924 62025 61130 16181 68996 57376 50201 96293 57160 23550 7898 
7675 11
85964 29126 19896 99209 14534 5850 34838 77706 12789 46083 14065 
3427 14
14669 48820 54060 87723 12854 76310 68145 28649 90069 36828 63344 11661 87672 60697 
9928 13
6484 2954 30336 72437 45226 98796 9916 62047 69038 52582 41896 28692 53 
1817 11
17796 47886 79166 83564 54196 96901 86213 71909 31560 81138 5211 
511 10
52074 96423 74356 45769 23089 93224 56421 88467 50621 91945 
2405 10
90529 84313 74637 23160 47038 63306 45317 12715 37131 94650 
3990 11
63985 53970 70157 71273 25398 32383 56710 78870 90998 84776 30526 
3339 10
41841 92535 11524 41836 95678 35792 95217 25893 88444 56536 
5837 10
52256 42505 40756 11925 11664 95141 40840 94596 21589 46858 
2672 10
41583 27729 80974 54642 68276 33951 91066 44652 16339 84731 
4309 10
99204 2691 17711 56971 72952 96209 27518 58557 13261 44345 
2031 12
49705 64615 79633 11724 44263 57980 51004 57633 51238 55499 44863 59290 
