1000
936 11
6219 30600 91792 31663 61472 35974 73598 43530 89443 16142 30618 
81 13
61114 2707 37652 79916 4736 30539 24063 31106 53156 79511 18456 86279 9268 
13 2
27540 35977 
144 2
2159 86252 
231 7
32599 49217 32684 23534 51340 2623 63041 
841 3
97336 53547 18412 
202 41
8459 82705 20207 77488 37429 13591 38706 24816 18722 36825 39499 92132 79783 43387 92210 37272 71119 54156 47813 88631 43266 22889 8887 24837 92699 31837 2115 78222 85648 21088 14770 20295 94808 80647 5922 39869 5627 54672 64825 82484 11629 
416 15
77021 14666 72703 94715 85126 78105 92947 1804 17330 43182 79390 70897 17636 61303 75226 
565 27
47926 18298 59448 21867 99859 28502 2500 11011 81791 73215 49006 96649 46138 23335 11480 9327 7647 55720 82707 17779 54181 44973 86886 15498 77673 34974 68289 
281 8
35282 28028 44849 98763 61772 39307 34826 58260 
682 7
62803 36725 2095 99911 37421 71748 64141 
198 4
43277 85926 67461 72862 
328 12
33740 81785 49207 19527 367 53214 19780 96227 43999 33938 25160 34807 
70 7
46955 59038 39147 69450 12609 64693 51218 
120 12
27416 77479 37305 54379 90825 25587 84406 26106 44585 32188 8848 85140 
85 37
63509 76488 77138 10038 52245 67527 90886 59961 12098 36833 15970 17122 9166 24156 87157 86912 13508 66384 17360 10525 37999 2631 57201 3925 23711 30861 3402 63586 7691 42497 28661 70639 11414 37293 32807 3554 56350 
233 75
12612 72800 88769 98639 47390 88461 56514 28283 25262 95770 84370 60486 71385 15738 6489 63762 69606 83721 14044 53928 7574 17990 26943 13953 48126 73002 49723 16149 83716 96984 28073 44501 20353 52542 72359 26491 41182 1602 10642 34989 82027 77384 94158 58864 22883 67783 48463 72822 39377 67116 76529 61684 54594 38056 24361 50994 18886 82651 49919 19845 18159 6552 45297 29566 84936 89884 61363 68014 58815 62034 23855 75648 80620 95929 65203 
471 14
3483 15816 14167 12704 51538 81107 32118 73200 6961 35339 73414 18841 90830 99955 
221 21
2939 63931 18439 4511 58210 8930 59295 9653 71305 44632 7527 69314 68448 95958 55582 30788 66391 96568 62039 47015 42072 
332 103
94639 62457 28574 13503 56522 83800 88468 62760 70580 76924 55456 5526 51117 80930 12165 80396 90258 15741 44291 49041 5233 48973 26489 43795 21089 66448 40702 52583 69561 94685 96777 80024 68799 35473 15925 68007 96887 48401 23170 16423 17375 81447 40205 24360 62033 70013 99260 37187 63409 54767 67038 41658 71646 35021 27381 39805 60593 77116 98779 85279 16728 40155 17193 52499 93117 78922 8838 83363 76291 7891 18461 22443 52611 6371 96040 96378 68766 19625 8874 52625 71191 71492 54355 17885 57322 37060 99086 77534 4661 52830 77638 29988 27059 15869 84988 52982 31542 21778 211 29301 89290 53012 97781 
904 32
96194 27513 68927 57341 1856 86671 86160 98418 43209 20175 81671 66038 54659 22015 63021 41572 24938 55707 79888 23015 79128 34195 53883 85665 69792 99157 44885 62037 65717 2428 89214 42169 
703 20
71501 60396 47401 44773 39512 87338 14638 26371 49064 81481 90768 1560 54963 18747 9559 95323 129 6977 86675 62254 
805 57
73877 69112 96414 63402 24266 55812 18717 97764 61319 56788 35210 75594 14889 98339 43353 94614 2539 22175 75610 31469 57474 8638 92111 36485 53185 95124 28835 19381 6257 50354 51909 92917 75580 10663 3464 77746 59694 7012 15918 78495 3255 41458 43044 46110 82867 68978 54190 5198 64854 26594 23450 5154 1520 42839 10100 76057 77082 
472 116
21064 47418 7937 81187 13621 57683 71379 77113 30310 31907 74235 93234 47576 7251 83502 23604 38442 27006 97276 32894 81835 42855 99659 54673 73001 48019 2709 32771 90372 77871 27521 80158 78042 52165 86628 55182 96055 12468 92480 9890 3201 15917 5504 18738 33836 82034 76615 23032 98146 38309 62079 8328 39955 16161 89242 18119 38640 93899 13273 71359 80956 62344 4092 38930 60046 24698 6043 44710 4884 58561 81345 29284 43308 44094 44360 61574 14741 41619 50205 15048 15152 29404 95571 33441 30140 71975 97378 61231 29602 63789 48956 4455 26428 77499 44792 88146 24379 81123 44309 81386 56184 12536 63058 56854 91672 66954 76535 37636 45190 73071 59500 15997 64548 45015 41419 89489 
66 55
51874 84205 82581 65195 2621 90964 51547 81243 59155 83093 64577 40818 4653 17843 92889 82073 66659 45522 37729 50550 8883 53161 6366 83020 68530 98364 24261 83776 10346 26050 73854 29694 87164 91426 24235 83797 22265 6699 58881 26949 5578 22560 58966 38765 9676 67258 54455 23674 74801 1307 88876 49036 4022 4609 7049 
334 39
91447 39039 97001 18725 51771 84974 50728 84426 72904 27316 39543 68058 14888 41820 21705 42135 38241 60891 25163 90139 47924 63234 91910 57154 11456 82338 74113 65946 57857 26763 68105 49775 68563 53047 15267 16452 12790 34218 60657 
184 119
15966 71063 45208 75741 84293 21631 45038 73283 38321 74200 27660 97355 7440 59034 34471 81478 97951 57958 44497 3304 45651 93019 38492 65 94499 3206 10413 23840 15454 10844 66902 87087 99129 90160 63736 65861 86064 41939 4506 51569 48314 27726 79310 15548 70901 32042 55429 27370 63440 66977 62587 39912 1215 96428 30946 88286 75548 62950 17680 95179 16883 14296 1864 603 89777 37017 51879 68468 8758 41606 41813 20719 51385 13472 41214 94591 95709 706 77516 17115 40729 45692 62264 97295 86113 60033 8425 66588 45827 35634 45283 81631 43498 47344 20906 75375 99714 58628 31239 90031 80896 71760 90062 98996 4877 65475 95554 78414 80508 76497 82678 48347 1296 5388 2473 71261 45857 8392 19250 
463 10
69374 3496 9592 51567 16211 84698 4723 72088 55917 77430 
151 125
1063 72914 93278 42289 66577 50463 22172 57737 89981 81887 81440 12227 85343 94073 20367 95672 93964 60018 52268 70890 57864 52060 59133 99426 74518 60878 45422 3882 83675 94817 66306 62966 40324 74962 61952 61361 99968 24814 13695 19488 34736 21629 11511 31445 86068 46008 39443 63638 8362 86658 61090 54504 53402 46573 13018 50659 2800 46808 73117 71854 91127 85084 74481 38154 42330 67648 55047 90639 33737 53118 94143 18503 36063 22487 83053 98821 12831 6657 17742 87974 82710 4313 67889 67825 50964 31634 35915 53871 29044 20146 95242 28516 83191 3607 64097 9374 75019 81618 56699 49043 77848 94791 9294 63020 15402 71312 48882 18214 82583 37301 77500 61686 41121 26883 62501 15891 89276 96155 82793 7687 46133 17215 89720 18087 10983 
49 30
13650 46198 75692 79600 85206 75200 5839 31203 51487 26840 89592 93232 65489 9618 41777 64456 4463 6779 98830 30959 73953 48584 89403 57247 50481 27227 76864 27350 31512 89548 
222 34
6498 64570 70355 30924 79393 85581 69285 21057 83844 24355 82418 49377 30810 62096 68032 93960 21552 26352 68584 28998 5567 37964 47044 98499 21503 73724 33105 95974 48390 96101 80391 50062 7886 67028 
552 11
26350 64790 19646 43328 94290 25992 55545 49661 9877 47379 37990 
629 24
86651 72254 58470 7430 76198 42790 49760 85930 44767 15381 33843 40469 6335 49084 44432 78674 4119 44720 59031 94070 40806 32770 61500 23563 
323 140
33393 87719 13423 41379 37500 66247 58874 9361 49647 27299 25116 69761 52612 42483 85221 69294 99765 12292 74058 83438 7074 30427 46040 26123 13880 31619 70291 30305 46407 83188 92559 86560 53175 49022 16884 61989 79876 99786 96146 97603 52027 20554 97485 87924 47949 10742 47862 7131 10908 4191 98578 206 73516 32549 95759 24758 68722 53649 52506 64007 15224 7950 82910 77756 60787 53963 6000 59922 72519 25235 6978 3833 19562 90214 67770 22191 67430 80419 8522 69094 67239 29926 1846 46625 75477 65447 91075 39569 84285 68496 81506 92147 59526 92056 784 89470 34028 33760 40373 80335 70485 9352 23384 54883 86090 5778 63140 90888 9415 67626 10977 83364 86281 51793 3860 52467 14348 57676 4774 90458 33994 19825 96314 49188 35901 73551 90606 66542 41407 73719 90403 89716 26558 19232 2608 61799 76657 2360 43633 47917 
44 8
67337 19798 6481 11301 7177 48493 12732 27027 
791 40
39332 31224 71836 79564 62081 98023 19448 38611 17613 20946 36453 86134 43751 27655 5998 24153 88572 38411 69705 4229 80983 63810 42142 77432 8196 44175 9281 58315 86816 39630 5876 66331 16911 73211 19992 3080 50407 9910 19799 82971 
531 54
44905 95876 73562 83355 49758 77762 28603 754 44414 78065 98783 19639 62513 42538 92216 24114 13743 89593 73864 95172 8163 35825 86035 52895 64205 72843 4415 28112 54367 85273 54555 26181 99285 58409 85580 60978 28342 97046 97464 40384 84760 10604 39383 39623 22475 60631 81482 85035 96017 43106 97585 75859 53293 99843 
541 17
96782 59810 93418 30209 93491 73074 43135 62190 24930 53375 54475 1339 80208 27260 65129 34813 51843 
164 64
52394 14377 90995 83016 10793 45216 55043 87950 20680 11872 99120 62472 44039 59214 89894 16718 80699 74345 85600 74503 45852 98865 39244 36024 73356 90082 52812 1906 74857 73205 38146 39592 20399 10995 49799 59629 32816 1506 69476 65930 27259 30742 94566 8446 21161 61218 92975 83720 30927 76796 38473 31167 6467 47913 6369 41098 45840 77632 42422 82682 73778 82711 92517 18659 
856 15
93699 18910 28726 24378 28413 20892 62884 9664 11792 45789 57723 76147 35138 48369 10159 
631 47
68008 57136 21711 95566 92533 94442 77646 72302 69497 76176 83709 88014 78756 86879 81900 64098 4548 80970 81559 19365 89631 94142 70531 12176 81832 8211 84174 77002 96948 63019 49673 82230 57366 84651 73583 6222 96674 25021 77918 16424 63830 6831 76210 77835 1653 8993 85257 
650 107
75284 16622 66225 75111 81330 63682 40416 17269 4749 50021 36372 46812 67805 2691 82155 30188 687 86187 79944 65473 89341 45237 97274 71454 34443 47837 18207 92437 28554 68811 11843 79012 74409 32079 71054 29803 55460 59082 78934 11395 40375 31795 55615 4545 87783 56660 80936 83756 2776 68431 98928 62905 16221 78285 57543 52802 21236 37788 1098 95942 85962 81746 30398 56528 42342 65204 80913 7415 13594 68476 71609 60806 84099 58555 31932 67361 39597 98613 56765 27050 29288 67529 68178 18603 14908 95551 44231 87927 63749 13111 45196 37871 46874 23833 8980 84170 23077 43207 62946 52465 40189 32372 51731 21480 89575 49498 45171 
175 53
77811 96370 95536 43305 20404 8845 10659 58687 19595 76551 27270 15915 38096 39666 932 57222 33869 34766 43057 93814 96635 11709 86176 79573 431 41828 92362 65549 16923 43727 57357 72949 10004 66255 15706 20570 51905 42231 11212 12889 49955 19425 88585 86775 18577 28876 49541 11468 11960 80449 56136 73945 30984 
543 50
27483 42390 31796 74405 53273 76598 78396 86194 96765 86106 25787 94869 61871 13407 65598 28654 64333 41991 86666 88955 89146 14231 44063 64296 49790 38908 71044 7484 6504 11025 39501 73725 15994 71366 97167 41289 20723 78849 67358 67616 79101 62895 29010 38055 49937 22633 10780 85452 29869 15418 
569 99
53084 46424 87330 47553 41926 78220 2996 23758 4841 91410 98824 14734 80323 81065 99527 82819 39669 31712 56682 14259 54872 94570 80788 81955 7036 6851 48750 15829 70001 58028 98881 46385 52549 31941 30414 95517 57757 8237 39292 77855 72104 67949 20575 92010 87278 15677 70244 22494 84093 91634 66091 83213 26261 45502 59945 51841 48216 83075 59804 94123 61904 68658 229 41713 43112 41726 5830 9504 76678 64860 11004 6959 92574 71141 17710 5489 39483 88699 82977 89416 19971 34282 25187 61411 5535 35859 4973 11013 25879 31087 58522 65261 53046 62196 30916 48924 61188 50580 72663 
242 95
12081 1303 30964 23309 16393 15635 32858 57563 37570 90722 78572 65180 64947 38924 94339 27769 65383 17933 61215 20339 18145 49056 93575 12896 97427 14799 92149 41395 86359 33401 20383 55520 32637 37892 90908 92629 69741 12518 59530 58919 61062 36540 90364 92904 70020 5609 64039 12546 69834 34008 56439 23206 38221 64978 36182 53026 77616 26568 40346 47442 22996 12435 43758 35599 11331 53136 34971 67911 8923 45413 60107 55372 33638 53231 50317 57836 11812 54731 29481 79359 26544 10895 78544 53088 38343 79920 53320 19066 15059 14607 94757 16347 3786 92933 45930 
56 95
48977 92696 90748 50817 63288 56478 68135 57024 80884 83472 66290 94229 19045 50895 91776 92787 93618 43873 45174 40665 63553 49708 19492 81095 31184 72466 57895 34306 56426 42196 82690 59659 43434 91621 91122 25264 83310 29861 55446 17046 23432 68342 65792 97631 39810 67272 60880 39539 90861 10024 64520 86272 13369 45488 77511 25494 11001 37558 30452 33506 70837 4608 62132 96943 32462 7462 48149 15610 92800 15023 97362 99281 79379 27447 30626 52287 33542 86949 91481 67148 28929 56803 49448 97383 58698 80712 84277 15893 31664 14285 6054 85954 45182 81548 12148 
91 88
11039 63072 25733 70631 80571 5621 88951 44599 19517 99801 70036 97036 55898 52783 6205 86337 90235 89801 71546 50881 95163 80168 66772 95401 18415 95 32230 20648 8689 88072 61143 45815 33821 6496 89025 62303 28138 8208 4389 43332 69011 26941 58288 50768 97441 71470 2514 94556 33185 38111 25709 14267 12869 41784 44617 90436 32607 91174 52345 25819 21155 49624 79444 77304 26464 68209 14773 76340 57554 44049 41359 18203 35181 1912 68834 29002 48361 67437 88329 89251 5878 53023 82472 24572 20651 70808 49976 5919 
948 17
39578 79672 91111 6900 55675 89537 49716 36420 98258 25708 53225 11347 47500 39097 96773 28157 8941 
386 14
65711 31085 23902 89204 46755 43600 41109 36458 18421 17512 6016 67088 33385 85219 
146 24
93375 77474 95077 57078 59379 24660 91766 46781 56219 97504 65870 34321 10833 8225 16197 60993 24728 65104 49987 45698 64312 70432 88157 51690 
676 54
50246 11449 31631 67773 43172 623 30264 86437 76131 9129 28232 39839 41021 80751 10357 94042 47594 44384 24689 39396 13256 7616 49710 53271 28463 73935 41188 87027 93045 67346 29539 70993 56265 75662 93939 82976 40425 54359 66882 69626 44635 91679 24225 16972 54539 55218 38100 94462 36980 64882 63593 67125 31034 41117 
433 47
45118 73949 11379 53158 80676 85678 88512 51658 99091 9165 76589 40647 47145 82078 61648 33074 58152 45235 68693 7702 38401 10614 76827 8825 3709 20419 39736 29428 57531 94437 92774 39441 79045 21625 51260 598 52771 66281 83248 40911 56460 88595 60452 57866 1722 70647 38008 
536 48
46009 90852 18638 83130 74619 17051 92602 6674 18003 29017 37262 87102 43221 90409 2892 69123 40447 75463 49896 76783 63350 3102 8010 93297 58460 9720 86524 10372 35698 32864 54209 3332 80466 54547 31327 27642 40476 7728 2412 3525 11615 6659 53028 67655 64587 70736 32596 19840 
428 46
54386 21178 30215 57976 75368 69455 45612 41857 44119 63289 22671 29812 62468 74541 72382 67465 18401 37229 73229 17766 22803 59508 77419 83184 24354 8757 69829 61511 12313 44366 17582 56811 63304 33114 818 56081 64359 94375 61428 5459 12136 68491 71038 17782 64031 90395 
80 41
77309 24518 87322 85087 36743 6069 75533 62042 98793 28863 61590 21240 70486 59809 57111 32071 24357 94015 18331 86261 28910 12657 77147 37056 94061 22092 42286 5700 92819 44220 62072 82373 88602 59994 89111 60616 18797 39915 15217 11251 52139 
773 21
19039 62206 57638 6846 93751 26086 33557 28488 63197 20171 25237 15295 35765 30247 82887 85110 60193 82429 87599 81411 29720 
2 31
4967 31577 20417 33458 94531 25309 28336 81648 56751 40238 91892 46105 92753 80121 75008 61729 3694 15822 22850 37448 57618 990 94927 80013 29076 15378 47713 28678 9816 32282 21110 
32 26
50311 84623 30094 74031 46499 28638 53781 85411 89805 55932 74624 35495 91126 52102 86473 45394 40315 15943 33623 10661 88279 24047 58363 92837 95726 25900 
316 25
75062 34616 47273 77505 56212 7426 96874 87306 27590 71260 48810 32542 8676 72022 31953 41167 1988 81348 94497 98893 60397 2137 96728 33556 94807 
820 11
6556 55789 62101 94967 25646 93631 78263 4354 77645 42749 46591 
771 13
89748 84843 92268 87822 17529 63481 86305 37864 96219 31596 48900 35303 1432 
251 3
2938 37376 23460 
